 1.00363987869132e+001    2.51595318388643e+003
 1.05601147896340e+001    2.43784077294525e+003
 1.11313624336210e+001    2.36713667033891e+003
 1.17441742201917e+001    2.30009896536217e+003
 1.23907229628628e+001    2.23495977936191e+003
 1.30609970499190e+001    2.17013978483449e+003
 1.37800404719875e+001    2.10720149918190e+003
 1.45386691907102e+001    2.04465289955865e+003
 1.53112222991865e+001    1.98117452161083e+003
 1.61541467433145e+001    1.92371659708442e+003
 1.71055126582328e+001    1.87976853969462e+003
 1.80800326762468e+001    1.83424471801713e+003
 1.88343523268026e+001    1.76361158196435e+003
 2.34859795559238e+001    1.56555826464997e+003
 2.47564496933524e+001    1.51908613749239e+003
 2.61193596027368e+001    1.47502967720327e+003
 2.75573014106410e+001    1.43225094017507e+003
 2.90744058272142e+001    1.39071286994158e+003
 3.06471809494525e+001    1.35037836305190e+003
 3.23050350789741e+001    1.31121366804877e+003
 3.41144878717119e+001    1.27408093677875e+003
 3.59925832428110e+001    1.23713010508399e+003
 3.79740728737392e+001    1.20209437434582e+003
 4.00646488998002e+001    1.16805086134069e+003
 4.22703168238325e+001    1.13337930966708e+003
 4.45974127679449e+001    1.09973692250612e+003
 4.70526216750065e+001    1.06859218959451e+003
 4.96429965121789e+001    1.03760093228250e+003
 5.23284261086330e+001    1.00750764497896e+003
 5.52092483335218e+001    9.78287958579035e+002
 5.81957833916231e+001    9.49914911015987e+002
 6.13438745643699e+001    9.22364760045864e+002
 6.46622612027735e+001    8.94985228167433e+002
 6.81601554115764e+001    8.67809102390448e+002
 7.17820371152392e+001    8.40867065333700e+002
 7.56650744116631e+001    8.17052891230091e+002
 8.01212164715837e+001    8.01756418800786e+002
 8.52259777035169e+001    7.93404213729243e+002
 9.09033486138402e+001    7.87901268935232e+002
 9.69589204122252e+001    7.82436491825336e+002
 9.84677208085092e+002    7.97977257670004e+002
 
