 4.90602529477719e+000    1.03177977587879e+003
 5.22334507426684e+000    1.01816954496095e+003
 4.61636141884306e+000    1.05219958242005e+003
 1.58633343282637e+001    7.44734683435205e+002
 1.68587145617107e+001    7.30794545952359e+002
 1.79328334568647e+001    7.18123334479914e+002
 9.59949796124269e+001    4.56388271428366e+002
 1.02018398348935e+002    4.48159930451360e+002
 9.02451898934934e+001    4.64441194962734e+002
 1.61982260600272e+000    1.39485579245664e+003
 1.72146198208477e+000    1.37066931643100e+003
 1.83114144996342e+000    1.34784907130133e+003
 1.48051973626243e+000    1.43848780957832e+003
 1.38679361782816e+000    1.44345872486428e+003
 1.30254548971293e+000    1.42125885513054e+003
 1.22675375627766e+000    1.41223148619312e+003
 1.15957756109362e+000    1.44931334843067e+003
