 1.06249869810022e+001    9.76017524489620e-001
 1.09659027593330e+001    1.06420221829078e+000
 1.13079059471565e+001    1.16197163703292e+000
 1.16707340206553e+001    1.26695757268092e+000
 1.20452038792497e+001    1.38142915008867e+000
 1.24208977262829e+001    1.51044701581583e+000
 1.27971304284360e+001    1.65151181924660e+000
 1.31962143159264e+001    1.80072561170113e+000
 1.36196634910699e+001    1.96616335674166e+000
 1.40566671493298e+001    2.14380925881498e+000
 1.45076926075746e+001    2.33750574306157e+000
 1.49731897725065e+001    2.54870300442031e+000
 1.54536597547789e+001    2.78285954392272e+000
 1.59495094393742e+001    3.03429521040914e+000
 1.64613082366927e+001    3.31306447660685e+000
 1.69747014352510e+001    3.61743932432455e+000
 1.75040646292618e+001    3.94427430925543e+000
 1.80657470596520e+001    4.30664592395583e+000
 1.86291792932231e+001    4.70230218314841e+000
 1.92269194287892e+001    5.12716246257661e+000
 1.98438860055480e+001    5.59820935098278e+000
 2.04806502289473e+001    6.11253264669937e+000
 2.11377970871983e+001    6.66480943095143e+000
 2.17780154591666e+001    7.27710120134869e+000
 2.24376780523459e+001    7.95672970851590e+000
 2.31576736538068e+001    8.68773692711724e+000
 2.39007729679119e+001    9.48590384238082e+000
 2.46461872512471e+001    1.03573841766381e+001
 2.54369904893752e+001    1.12931898658602e+001
 2.62531676222586e+001    1.23135470473361e+001
 2.70955328025261e+001    1.34260950792409e+001
 2.79649928416418e+001    1.46595883333914e+001
 2.88622840399906e+001    1.59841048261738e+001
 2.97884368044802e+001    1.74526096565324e+001
 3.07442354456094e+001    1.90294799482798e+001
 3.17307775574747e+001    2.07777719876002e+001
 3.27488985911654e+001    2.26550758419085e+001
 3.37997677088753e+001    2.47364616103193e+001
 3.48842748368817e+001    2.69714391984224e+001
 3.60036653720392e+001    2.94493814526393e+001
 3.71589756783847e+001    3.21549792564937e+001
 3.82844410622508e+001    3.51090365900183e+001
 3.94439943698864e+001    3.83344812772755e+001
 4.06741686757375e+001    4.18563118916492e+001
 4.19793492951977e+001    4.57017694172551e+001
 4.32509163242493e+001    4.99699834305758e+001
 4.47166990498952e+001    5.44850216106692e+001
 4.65960254844651e+001    5.87499029019460e+001
 4.83850430173609e+001    6.33482210347890e+001
 4.91168155640921e+001    6.98444618456507e+001
 5.32471254971183e+001    8.87857807988533e+001
 5.49556250242411e+001    9.68077134969759e+001
 5.67189438605177e+001    1.05554440228943e+002
 5.85899785870102e+001    1.15091629812070e+002
 6.04699101283937e+001    1.25490336678897e+002
 6.24101615860073e+001    1.36828582803955e+002
 6.43564486887238e+001    1.49191020370809e+002
 6.64214045173336e+001    1.62670659946095e+002
 6.84333286997125e+001    1.77862920534498e+002
 7.05061946665216e+001    1.94474028147081e+002
 7.27049599613680e+001    2.12044721214826e+002
 7.50379665788287e+001    2.31525868313294e+002
 7.74456520495330e+001    2.52444588819806e+002
 7.99307812459610e+001    2.75637385796008e+002
 8.24954586944867e+001    3.00541650173109e+002
 8.51426295497758e+001    3.28153259944366e+002
 8.78747446389413e+001    3.58301626247440e+002
 9.06943139257339e+001    3.90674732678712e+002
 9.36043525617768e+001    4.25972799375966e+002
 9.62713837655188e+001    4.65754093818992e+002
 9.83260874082822e+001    5.12092046804704e+002
 1.12243551817643e+002    6.99006525085359e+002
 1.15744189510385e+002    7.13225017097454e+002
 1.67877765593980e+002    7.10328808670670e+002
 3.07462836676531e+002    7.11110042351650e+002
 4.11218727304361e+002    7.11485745927169e+002
 4.59044303842864e+002    7.11627955794061e+002
 5.12432092458221e+002    7.11770194085480e+002
 6.13952620885929e+002    7.12003933000833e+002
 7.59076093633441e+002    7.12278420106510e+002
