 1.05668433198692e+000    2.24540021302960e-001
 9.94762713416211e-001    2.18638192019813e-001
 2.28054564229110e+000    1.15777062553756e+000
 2.37215209589119e+000    1.25232455173275e+000
 2.19055883468905e+000    1.07035577918118e+000
 4.47016003093593e+000    4.85115050735848e+000
 4.64158883361278e+000    5.25470022703183e+000
 4.29753387084772e+000    4.47859254158399e+000
 9.74086426002240e+000    2.55450017089886e+001
 1.01321416864913e+001    2.76699982975464e+001
 1.61118560116352e+001    7.48646876117336e+001
 1.67590476147194e+001    8.09788090023843e+001
 2.63482979323068e+001    2.13938621586106e+002
 2.74306697815033e+001    2.31410766922632e+002
 3.59486222188238e+001    4.12885401955140e+002
 3.73926300615992e+001    4.46605324504922e+002
 4.89611677468945e+001    8.17200769910913e+002
 5.21456142873770e+001    8.12631129968072e+002
 5.55371780237078e+001    8.14912746902074e+002
 6.97887842564456e+001    8.13771138797892e+002
 7.43278641603152e+001    8.13771138797892e+002
 1.55848416696162e+002    8.13084234824542e+002
 3.50784107202394e+002    8.13084234824542e+002
 8.20542541542469e+002    8.13200769910913e+002
 9.67290277318864e+002    8.16954996629561e+002
