 6.17253685097990e+002    4.22315763700563e+000
 6.17617198239959e+002    3.91372675539918e+000
 6.20399651400738e+002    4.12470235649449e+000
 6.23444112010340e+002    4.31422023235216e+000
 6.26802017736357e+002    4.39632097239850e+000
 6.30210752400171e+002    4.34088259732829e+000
 6.33513517352350e+002    4.19516621197933e+000
 6.36815977939632e+002    4.02365997435895e+000
 6.40223799508755e+002    3.89085204247446e+000
 6.43789941551794e+002    3.83973226710928e+000
 6.47514404068750e+002    3.87030064826341e+000
 6.51134672335970e+002    3.96103182405545e+000
 6.54650289806109e+002    4.07324101607824e+000
 6.58218359493496e+002    4.18545697176542e+000
 6.61838526305751e+002    4.26759153013365e+000
 6.65563090277672e+002    4.30675652871159e+000
 6.69339700646978e+002    4.31154182125867e+000
 6.73116209561319e+002    4.30773049638195e+000
 6.76892718475659e+002    4.30391917150522e+000
 6.80669227390000e+002    4.30010784662850e+000
 6.84445939214272e+002    4.31348975659939e+000
 6.88170604641159e+002    4.36125137260114e+000
 6.91790669998448e+002    4.43478931354556e+000
 6.95358536775903e+002    4.52981203438512e+000
 6.98874204973525e+002    4.64631953511982e+000
 7.02337471681383e+002    4.76711858090205e+000
 7.05852886241591e+002    4.86213453807723e+000
 7.09420499381632e+002    4.93566571535727e+000
 7.13040615466404e+002    5.01350196501359e+000
 7.16713335950871e+002    5.10423990447000e+000
 7.20176551931246e+002    5.22074064154033e+000
 7.23430364862493e+002    5.37160079364838e+000
 7.26579526996659e+002    5.54393896198719e+000
 7.29519083171766e+002    5.73344331051611e+000
 7.32353937822310e+002    5.94012736656389e+000
 7.35188792472853e+002    6.14681142261167e+000
 7.37971245633632e+002    6.35778702370698e+000
 7.40648845087398e+002    6.57304740618544e+000
 7.43326444541165e+002    6.78830778866390e+000
 7.45899241015402e+002    7.01215126123741e+000
 7.48367234510109e+002    7.24457782390597e+000
 7.50887680222065e+002    7.47701115023891e+000
 7.53355724444255e+002    7.71373602161938e+000
 7.55771367176681e+002    7.95475243804737e+000
 7.58082156202094e+002    8.20005363585851e+000
 7.60392945227508e+002    8.44535483366966e+000
 7.62703734252921e+002    8.69065603148080e+000
 7.65014523278335e+002    8.93595722929194e+000
 7.67325312303748e+002    9.18125842710309e+000
 7.69531247622149e+002    9.43084440629738e+000
 7.71684781450786e+002    9.68472193053920e+000
 7.73838315279422e+002    9.93859945478101e+000
 7.75887046128529e+002    1.02010600691179e+001
 7.77988178467401e+002    1.04592291384072e+001
 7.80246566003050e+002    1.07088218812659e+001
 7.82504953538698e+002    1.09584146241246e+001
 7.84763290346864e+002    1.12037090582713e+001
 7.86916824175501e+002    1.14575865825132e+001
 7.89070358004137e+002    1.17114641067550e+001
 7.91223841105291e+002    1.19610433222849e+001
 7.93429827151175e+002    1.22149276101911e+001
 7.95740616176588e+002    1.24602288080022e+001
 7.98208609671296e+002    1.26926553706708e+001
 8.00781456873016e+002    1.29207971519562e+001
 8.03459107054265e+002    1.31403558431466e+001
 8.06136757235515e+002    1.33599145343369e+001
 8.08919159668810e+002    1.35665918267203e+001
 8.11911218788648e+002    1.37604012476255e+001
 8.14955577943285e+002    1.39413225060594e+001
 8.18104689349968e+002    1.41093623656863e+001
 8.21410954498463e+002    1.42602292814587e+001
 8.24874322661286e+002    1.43896249446648e+001
 8.28389940131425e+002    1.45018341366876e+001
 8.31957756181397e+002    1.45925585488152e+001
 8.35630324483417e+002    1.46704015621359e+001
 8.39302689875505e+002    1.47310513406090e+001
 8.43027355302392e+002    1.47788129566108e+001
 8.46751970001796e+002    1.48222762639006e+001
 8.50476533973717e+002    1.48614412624785e+001
 8.54201047218156e+002    1.48963079523446e+001
 8.57977961952359e+002    1.49268830971631e+001
 8.61702373741832e+002    1.49531531696053e+001
 8.65479187021069e+002    1.49751316970000e+001
 8.69203750992991e+002    1.50142966955780e+001
 8.72928365692395e+002    1.50577600028678e+001
 8.76652777481867e+002    1.50840300753100e+001
 8.80377189271340e+002    1.51103001477522e+001
 8.84101753243262e+002    1.51494651463302e+001
 8.87826418670149e+002    1.51972267623319e+001
 8.91498682607271e+002    1.52492799233812e+001
 8.95223348034158e+002    1.52970415393830e+001
 8.98948064188528e+002    1.53491014640966e+001
 9.02672729615415e+002    1.53968630800984e+001
 9.06397395042302e+002    1.54446246961001e+001
 9.10069658979424e+002    1.54966778571494e+001
 9.13794425861277e+002    1.55530360905749e+001
 9.17519192743129e+002    1.56093943240005e+001
 9.21191507407734e+002    1.56657457937617e+001
 9.24916375744553e+002    1.57307006446110e+001
 9.28588741136641e+002    1.57913504230841e+001
 9.32313609473459e+002    1.58563052739335e+001
 9.35933725558231e+002    1.59341415235898e+001
 9.39501592335686e+002    1.60291642444294e+001
 9.43069560568107e+002    1.61327835826927e+001
 9.46637478073045e+002    1.62321046122442e+001
 9.50257797067749e+002    1.63271340967481e+001
 9.53773363810405e+002    1.64350449800590e+001
 9.57289082735510e+002    1.65558507895056e+001
 9.60700100136051e+002    1.66938363064711e+001
 9.64111117536592e+002    1.68318218234366e+001
 9.67522084209651e+002    1.69655090316901e+001
 9.70880750847910e+002    1.71120844024150e+001
 9.74187066723887e+002    1.72672496268994e+001
 9.77493331872382e+002    1.74181165426718e+001
 9.80747195531112e+002    1.75732750034917e+001
 9.83896357665278e+002    1.77456131718306e+001
 9.86888264602667e+002    1.79265276666000e+001
 9.89932674484786e+002    1.81117472337458e+001
 9.92977084366906e+002    1.82969668008916e+001
 9.95916640542013e+002    1.84864711494205e+001
 9.98908699661851e+002    1.86802805703257e+001
 1.00184830656444e+003    1.88740832275665e+001
 1.00468311048750e+003    1.90764689749024e+001
 1.00751796513804e+003    1.92831530309502e+001
 1.01040522127835e+003    1.94855455419504e+001
 1.01324007592890e+003    1.96922295979982e+001
 1.01602252908968e+003    1.99032051990935e+001
 1.01875253003321e+003    2.01141740365245e+001
 1.02137772799721e+003    2.03337259640504e+001
 1.02405537817846e+003    2.05532846552408e+001
 1.02673302835971e+003    2.07728433464312e+001
 1.02935827705119e+003    2.09966935826691e+001
 1.03198347501519e+003    2.12162455101950e+001
 1.03466112519644e+003    2.14358042013854e+001
 1.03728632316044e+003    2.16553561289114e+001
 1.03996397334169e+003    2.18749148201017e+001
 1.04258917130569e+003    2.20944667476277e+001
 1.04521436926970e+003    2.23140186751537e+001
 1.04783961796118e+003    2.25378689113916e+001
 1.05046486665267e+003    2.27617191476295e+001
 1.05298526163714e+003    2.29898541652505e+001
 1.05550565662161e+003    2.32179891828716e+001
 1.05813090531310e+003    2.34418394191094e+001
 1.06080850476686e+003    2.36570998015879e+001
 1.06343375345835e+003    2.38809500378258e+001
 1.06595424989778e+003    2.41176816728706e+001
 1.06842224339249e+003    2.43501082355392e+001
 1.07094263837696e+003    2.45782432531602e+001
 1.07356783634097e+003    2.47977951806862e+001
 1.07614063281520e+003    2.50216386532597e+001
 1.07866102779968e+003    2.52497736708808e+001
 1.08123387500140e+003    2.54779154521662e+001
 1.08375426998587e+003    2.57060504697872e+001
 1.08622226348057e+003    2.59384770324558e+001
 1.08874270919253e+003    2.61709103587887e+001
 1.09136795788401e+003    2.63947605950266e+001
 1.09394080508573e+003    2.66229023763120e+001
 1.09651360155997e+003    2.68467458488855e+001
 1.09903399654444e+003    2.70748808665066e+001
 1.10150199003915e+003    2.73073074291751e+001
 1.10402243575111e+003    2.75397407555081e+001
 1.10654283073558e+003    2.77678757731291e+001
 1.10906327644753e+003    2.80003090994621e+001
 1.11158372215949e+003    2.82327424257950e+001
 1.11415651863373e+003    2.84565858983685e+001
 1.11667691361820e+003    2.86847209159895e+001
 1.11919730860267e+003    2.89128559336106e+001
 1.12171770358714e+003    2.91409909512316e+001
 1.12423814929910e+003    2.93734242775646e+001
 1.12675854428357e+003    2.96015592951856e+001
 1.12933139148529e+003    2.98297010764710e+001
 1.13190423868701e+003    3.00578428577564e+001
 1.13442463367148e+003    3.02859778753775e+001
 1.13689262716619e+003    3.05184044380460e+001
 1.13941302215066e+003    3.07465394556671e+001
 1.14188101564537e+003    3.09789660183356e+001
 1.14450626433685e+003    3.12028162545735e+001
 1.14713156375582e+003    3.14309647995233e+001
 1.14923259463973e+003    3.16805372513888e+001
 1.15033738848831e+003    3.19600693546145e+001
 1.15066305892809e+003    3.28885446183721e+001
 1.15070815566032e+003    3.22652966188104e+001